Mixture	B cells naive	B cells memory	Plasma cells	T cells CD8	T cells CD4 naive	T cells CD4 memory resting	T cells CD4 memory activated	T cells follicular helper	T cells regulatory (Tregs)	T cells gamma delta	NK cells resting	NK cells activated	Monocytes	Macrophages M0	Macrophages M1	Macrophages M2	Dendritic cells resting	Dendritic cells activated	Mast cells resting	Mast cells activated	Eosinophils	Neutrophils	P-value	Correlation	RMSE	Absolute score (sig.score)
T210	0.11428065758179	0	0.0530202589615459	0.00816224368330188	0	0.111985809145722	0	0	0	0.00840026730346963	0	0.0329250181722883	0.0124932305004837	0	0.00649058039474387	0.0845006874040967	0.0421657830222861	0	0.0789076621630861	0	0.00471432142371487	0	9999	0.0339001447578037	1.05609286792669	0.558046519756529
T508	0.0938674396302553	0	0.0250360770214264	0.022083460942724	0	0.117115708796023	0	0.0389337435352975	0	0	0	0.0421562135543107	0.00189438062596667	0	0	0.0664931563431226	0.0263930110514079	0	0.0448667346433709	0	0.00938961057910279	0	9999	-0.0361269026171128	1.09639290507901	0.488229536723008
T111	0.104396883807182	0	0.0333789581912657	0.00698572615939552	0	0.112036318903204	0	0	0	0	0	0.0429177287140591	0.0289066165677282	0	0.0120876119397989	0.0330166435352943	0.0408768363091599	0	0.0801207389398708	0	0	0	9999	-0.00808860002090342	1.07689189132213	0.494724063066958
T563	0.134075051766351	0	0.0810417927354552	0	0	0.120253000220755	0	0	0	0	0	0.0335585640339171	0.0294213080739614	0	0.00110227754870502	0.0636409533677764	0.0298950060930083	0	0.0548549753578271	0.00523065413925795	0.0212476190588808	0.0326675360497436	9999	0.0787127655202691	1.04123552704951	0.606988738445639
T1	0.194387967343933	0	0.0372727701860447	0.0872707518308074	0	0.140762944396108	0	0.0254064614351575	0	0	0	0	0.0697197789079105	0.0345025520721353	0.0288648795170835	0.110126159448684	0.0456087571582977	0	0.0625469577997554	0	0.0164030807171606	0	9999	0.305474288932619	0.954389416443623	0.852873060813077
T279	0	0.0178259413624857	0	0.0768138607007873	0	0.149704768090493	0.00875674446183464	0.0108588663779354	0	0	0	0.0620325164359999	7.89499117432488e-05	0	0.0349191034977528	0.205917768655819	0.0559964123572369	0	0.139120515425573	0	0.0418220286139619	0	9999	0.2610215897785	0.976080119067972	0.803847475891623
T393	0.10702079202637	0	0.0223275872022161	0.0701604337881001	0	0.179033870742717	0	0	0	0.00529430196569943	0	0.0433888022032927	0.038287852424946	0.0802232756604479	0.0074666455938909	0.12477437303466	0.0422812754225671	0.00369885470380882	0.0897397100617882	0	0.0150528310282393	0	9999	0.262622034060176	0.972765078304565	0.828750605858744
T139	0.084660506546949	0	0.0447454473787062	0.001558553034734	0	0.07446170467916	0	0.00937285971160251	0	0	0	0.0433698428136261	0.0291865204948561	0	0.00577535981418004	0.108419072158107	0	0	0.0975031348518037	0	0.0154968318443704	0	9999	-0.00494765793413612	1.07362512625699	0.514549833328095
T202	0.120437695321474	0	0.0534052109816004	0.0127965289700602	0	0.108444430036398	0	0.00398594214622222	0.0241497746132211	0	0	0.0700061218943518	0.0323760625678139	0.0188124903907483	0.0134785062312784	0.0799706734015812	0	0	0.0664638734395332	0	0.0253493728147074	0	9999	0.0271027538324326	1.06585836726523	0.629676682808989
T271	0.0870857581893316	0	0.0568664846645133	0.0501242514365693	0	0.151064493487231	0	0.0610740862133558	0	0	0	0.0499562858057407	0.0255576486815564	0.0390404493506107	0.000546928978673211	0.000445240900048736	0	0	0.0717473340389773	0	0.0543801204710429	0	9999	0.0718609727501955	1.05672458445196	0.647889082217651
T329	0.0907842075918111	0	0.0364690998911368	0	0	0.159989574812091	0	0	0	0	0	0.022389390426461	0.0179700239053067	0	0.0364769733742189	0.0780521013525892	0.0575915945042273	0	0.046887966019015	0	0.0264523302548413	0	9999	0.0670353377873706	1.04166403779832	0.573063262131698
T325	0.0739043320879972	0	0.0661763127494243	0.0192335006357637	0	0.141213928436967	0	0.0316487583472688	0	0	0	0.0499792341678597	0.0268214573973343	0	0.0105824101568957	0.0959649541252495	0.0526898550227014	0	0.0672207481479284	0	0.032498200177238	0	9999	0.113689146242304	1.02435091474729	0.667933691452628
T23	0.107765919742986	0	0.0441627737331966	0.0181302212149295	0	0.146852476490191	0	0.0107848672544249	0	0.0071447013867839	0	0.0683981170026809	0.0126065928671526	0	0.0106368104174961	0.138573584339174	0.0656193335928184	0	0.0614857571623868	0	0.0455703229788647	0	9999	0.112485118184798	1.02894385184825	0.737731478183085
T57	0.113808817751133	0	0.0190746369691645	0.00690098911102565	0	0.112492876303886	0	0.0138205275811347	0	0	0	0.0446595834473439	0.0255411367263853	0	0.00378824100180094	0.035693197906761	0.0489200244021066	0	0.0955142497730894	0	0	0	9999	-0.00201252470726028	1.07813145271089	0.520214280973831
T19	0.0969031625517792	0	0.0522244787603245	0.0449642682272737	0	0.118279791021919	0	0.0102019053720068	0.0264885068735067	0	0	0.00895691033772664	0.0388923627462381	0	0.0148857860238032	0.0687380951912735	0	0.000473039456062691	0	0	0.0683526049570974	0	9999	0.0120098116063822	1.07112267224865	0.549360911519012
T607	0.0666307113652344	0	0.0496942938435181	0	0	0.0809367934275496	0	0.0154946653373896	0	0	0	0.0284561484143732	0.0248889653650397	0.0042607746179323	0.014306731962737	0.0784519897444568	0	0	0.0660129916496758	0	0.0293235771329399	0	9999	-0.00072630032556646	1.06435293105014	0.458457642860846
T576	0.0775324847155612	0	0.0697793074179584	0.0707571156949276	0	0.144276258495407	0.0258308265926499	0.0172767171823423	0	0	0	0.044023627733818	0	0.00739327018047474	0.0537188953326311	0.0793115761532414	0.0299915492610102	0	0.0480617228118613	0	0.0208904928133444	0	9999	0.151115661762269	1.01778481284891	0.688843844385227
T326	0.11093004715721	0	0.0530442363465668	0.0508820691831	0	0.0717515698878977	0	0.0292302657543831	0	0	0	0.0450251102730635	0.0135828091851842	0	0.00565429882325888	0.0638919733446325	0.0449630439478214	0	0.0485919567435968	0	0.00234857362784054	0	9999	-0.019344865646262	1.08070579567606	0.539895954274556
T608	0.0801753382895885	0	0.0442991474714548	0	0	0.146590514666215	0	0	0	0	0	0.0175652808073595	0	0.00953586650367485	0.00590205385119652	0.0684070637521279	0.0253954599138791	0	0.0209679037571265	0	0.0528413742419853	0	9999	-0.0124640242412053	1.07463243918081	0.471680003254608
T587	0.0771715089289013	0	0.023590637171951	0.0323040053565417	0	0.162491092933001	0	0.026222503817275	0	0	0	0.0128180823842986	0	0	0.017827056041605	0.0923968947783567	0.024203934971313	0	0.0669639665653916	0	0	0	9999	0.0164233070382458	1.07063305932129	0.535989682948635
T349	0.0667684252702932	0	0.0597306512234693	0.00610974975816329	0	0.103622443793304	0	0	0	0.00115112447668633	0	0.028580713750548	0.015342559341682	0	0.0393393718302334	0.106703640620145	0	0	0.0327831859194377	0	0.0240624035512783	0	9999	0.00825681849664025	1.06688486946723	0.484194269535241
T565	0.101262120530625	0	0.0293595264092369	0.0179861876110589	0	0.101339901456655	0	0.0176799744408439	0	0.004258294507105	0	0.0219596139952304	0.010855338537163	0	0.008635925984768	0.0706101938906601	0.00921137168011809	0.00439339962353839	0.0371330431575812	0	0.0206273937075507	0	9999	-0.0381814117006906	1.087347912128	0.455312285532134
T125	0.0930944879901674	0	0.0412442789771448	0	0	0.179509511400109	0.00133715005412895	0	0.0076680465066677	0	0	0.0651908137975951	0.0346111989800827	0	0.00365088300542993	0.0780536789212218	0.0226409066331372	0.00430644983608372	0.0867709753340704	0	0.004113878835519	0	9999	0.0148788908669979	1.07180147900201	0.622192260271357
T339	0.13960846450874	0	0.0518912141373521	0.0539539960116098	0	0.171156728545768	0.00840034481184284	0.00780400703714125	0	0	0	0.0386230570810298	0.000931650882008967	0	0.0278747479190266	0.106249676415669	0	0	0.0768295379997078	0	0.0125088670302268	0	9999	0.103922093431147	1.03881865518979	0.695832292380122
T521	0.109669275100393	0	0.0160170429677814	0.00599004666397062	0	0.162437303399537	0	0.0419694268570451	0	0	0	0.036114818382909	0.0238631055918396	0	0.021647708061009	0.0405225400156477	0.0670621163222475	0	0.102550114321948	0	0	0	9999	0.0116302042986854	1.06876103077238	0.627843497684327
T31	0.0832848750021067	0	0.0515289131993711	0.0105474946726581	0	0.198047994485824	0.0115614532685516	0	0	0	0	0.0131880153685621	0.00686255125813447	0	0.0383874510638239	0.077421804573751	0.0499712835796709	0	0.0946354163766818	0	0	0	9999	0.119174943857538	1.02473957976456	0.635437252849135
T728	0.133468710186593	0	0.0731379847657025	0.0606611438100034	0	0.10761414415943	0	0	0	0	0	0.0342457380267912	0.0301793962807976	0	0.0123489683080276	0.0982841962319714	0.0129627077411011	0	0.0410307358392982	0	0.00608657394292376	0	9999	0.024090220917258	1.06538347608156	0.61002029929264
T85	0.133624145980996	0	0.0373041820244143	0.0241103515432285	0	0.110019297255938	0	0.0298026013024793	0	0	0	0.0369510637129964	0.00581552735997138	0	0.0124847041249631	0.0974735694373423	0.040283716505163	0	0.0413349393968279	0	0.000134906494705884	0	9999	-0.0298345582828017	1.08552587100715	0.569339005139026
T378	0.112022338264785	0	0.0472650928547996	0	0	0.0494213838753697	0	0.0349303448704372	0	0	0	0.0491690542520309	0	0	0	0.0784587557539361	0	0	0.0404891894234031	0	0.0326151112641091	0	9999	-0.0823046890494574	1.11116516267484	0.444371270558871
T58	0.16667183874079	0	0.0384589774476279	0.0384403173229862	0	0.145168366521662	0	0.00661180193233884	0	0	0	0.0146547412107029	0.019405279898258	0	0.000309364418547812	0.0611072815190192	0.013933507138032	0	0.0299412356888473	0.00972901059774616	0.0238368149823095	0	9999	0.0684046482420519	1.05909344017341	0.568268537418868
T482	0.0872515589710645	0	0.0611734308028433	0.00757652471681693	0	0.102369777078535	0	0.0307795000903105	0	0	0	0.035177672664703	0.0270192572952015	0.000116049055973568	0.0131970583788525	0	0	0	0.0359648305171309	0	0.0613534976016508	0	9999	-0.0712914791728939	1.10625406586925	0.461979157173083
T109	0.0744505115299911	0	0.0894638071749079	0	0	0.0491013507703092	0	0	0	0	0	0	0	0.0110295796967686	0	0.0476663815138005	0	0	0	0.0281216177660913	0.0399983456097235	0	9999	-0.0213745641354645	1.08964790254807	0.339831594061592
T335	0.178885356791941	0	0.037073646420148	0.0212937691907503	0	0.0930545102814119	0	0	0	0	0	0.0649275739005465	0.0307025249887478	0.0398124754380638	0.00529530959560283	0.121536977578013	0.024512794893646	0	0.119091183526644	0	0.0100295386424468	0	9999	0.121081533371859	1.03012975861225	0.746215661247963
T232	0.0726294972403851	0	0.059849482087243	0	0	0.110227051764806	0	0	0	0	0	0.0222812199445426	0.00514306275422437	0	0	0.0488754761297176	0	0	0.0170672082580281	0	0.02307062506645	0	9999	-0.0811731532553295	1.10964129309409	0.359143623245397
T92	0.156331728222156	0	0.086653751805366	0	0	0.172381293390433	0	0	0	0	0	0.0205657124028139	0.0168054401627426	0.0341537821431813	0.0259175635419792	0.101535018645036	0.0291574288933757	0	0.0325540292530338	0	0.00846737826330579	0	9999	0.0887518193623041	1.03860864679025	0.684523126723423
T28	0.0737345115423912	0	0.0929888857907509	0.101328048644696	0	0.132258751214205	0	0.0142176829641215	0	0	0	0.0206988865531593	0.00487762000241144	0.0542903637638626	0.00627310971237084	0.0126345153040522	0.0263445476125929	0	0	0.00270819363366236	0.0813971841079304	0	9999	0.0232815556987836	1.0729229413155	0.623752300846206
T643	0.116003210262859	0	0.0292551607165898	0.0548096449675174	0	0.161564014629973	0	0	0	0	0	0.0485844225855717	0.012467543669732	0	0.0299889484937188	0.0497477300525109	0.0247931668549521	0	0.078352163188895	0	0	0	9999	0.0141701880706781	1.08039951895494	0.60556600542232
T727	0.0914633688733741	0	0.0586270298127437	0.0248223363360886	0	0.0939096241453759	0	0.0034829076691279	0	0	0	0.0466960808148227	0.00419854650550181	0	0.0073996491419359	0.0762457694235337	0.0486963221534711	0	0.109707513111002	0	0.0083841348240564	0	9999	0.094829583775547	1.03527393918987	0.573633282811034
T405	0.0781371669032777	0	0.0356808538279108	0.044865652230649	0	0.135605067659266	0.0105894327129259	0	0	0	0	0.0160396347953338	0.017111360661531	0.00407390512477044	0.0386733391955417	0.0518557678419077	0.0518697756162817	0	0.0748532037967784	0	0.0281218021979402	0	9999	0.0851223865917947	1.03530351317893	0.587476962564114
T473	0.0383391450997916	0	0.0471658136814027	0.0349108686912126	0	0.127867296522745	0	0.0125283288767443	0	0	0.0370017618368187	0.00923017109121647	0.0371949521637042	0.0429076357822495	0	0.0256662420987974	0.00237988003232359	0.00216980823388132	0.0350160566070246	0	0.0702214740003589	0	9999	-0.0414390460094678	1.08795218729914	0.522599434718271
T613	0.0820383675988663	0	0.0505601513437172	0	0	0.107267357925851	0	0.0123952317831877	0	0	0	0.044915876075366	0	0	0.000718339114534877	0.0442977378006535	0	0	0.0523595282554413	0	0.0323718929596793	0	9999	-0.0530850391932207	1.10143919360971	0.426924482857297
T467	0.104092512920202	0	0.040733922209101	0	0	0.153282560526446	0	0.0229043704211178	0	0	0	0.0512599174734515	0.0120360524456031	0	0	0.06254495796775	0	0	0.080788588672534	0	0.0265175561530449	0.00110031938955775	9999	-0.0478489490410702	1.09962670020725	0.555260758178808
T60	0.157108821177003	0	0.0334672804261879	0.0938802109418432	0	0.173575636397411	0	0.062956940936291	0	0	0	0.0532187818551141	0.021865490880277	0.0564637664867189	0.0351569063672334	0.138605102147791	0.0309170934152826	0	0.0519824284014188	0	0.00827725084546274	0	9999	0.227102713199005	0.988869465228745	0.917475710278035
T551	0.0217212594465796	0	0.0647549244035397	0.0491734269993294	0	0.119951938053492	0	0.0192195874609049	0	0	0	0.0341998090384787	0.0798873231970964	0.0687605538621987	0.0139143316047323	0.0228134609020182	0	0	0.0419216292866441	0	0.0334970075124413	0	9999	0.0175490274513267	1.06543200529042	0.569815251767455
T312	0.109560340350535	0	0.0464581882912651	0.0485728777758653	0	0.103944558434963	0	0	0	0	0	0.0387211032879948	0.0176563641248283	0.0524084494603993	0.00575440280498661	0.0722950770563705	0	0	0.0710784498517059	0	0	0	9999	0.0288751628760605	1.06478352089709	0.566449811438915
T330	0.0517341783581706	0	0.0313934232361285	0.0124374602222831	0	0.0429939642433625	0.00681853780385023	0	0	0	0	0.0233377155449013	0	0.0361975222960433	0.0105633892506964	0.111721485835071	0.00960624832766979	0	0.0524925169274589	0	0.0120261683899327	0	9999	0.0223948693894515	1.06590838517685	0.401322610435568
T12	0.143875980170804	0	0.0427643599602039	0.030115756015021	0	0.139894373764216	0	0.0391322207417256	0	0	0	0.0509807086349334	0.0370024501829008	0	0.0032338233727317	0.0708411658922541	0	0	0.0627568237523919	0	0.014426484431977	0	9999	0.00706620775622561	1.07974339106262	0.635024146919159
T340	0.095926025681001	0	0.0578796591270715	0.0371089423478644	0	0.108198435776728	0	0	0	0	0	0.0540495701548542	0.0195908715250153	0	0.0216896083118604	0.068600334549639	0	0	0.0613877678174461	0	0.037421951689417	0	9999	-0.00312802195920876	1.07654672775204	0.561853166980897
T558	0.0574384239924948	0	0.0426548606596579	0.0133749060090271	0	0.208000481799036	0	0	0	0	0	0.0192445346346589	0.0321171137806387	0	0.0616701864966596	0.152170752230635	0.0220383240177871	0	0.0330072442453217	0	0.0143547760931859	0	9999	0.0952812455409935	1.0396625421288	0.656071603959103
T480	0.0883463587237017	0	0.0332348512505621	0	0	0.072463893932718	0	0.0281472567052975	0	0	0	0.0376325166526584	0.00127150258297924	0	0.00866246351968715	0.0605635145079758	0	0	0.0413902611110432	0	0.0106618066340088	0	9999	-0.0665994554830115	1.10409190330375	0.382374425620632
T162	0.166282380441109	0	0.027107787487804	0.026469879163057	0	0.209433868449405	0.00887096334000383	0.0214064377548516	0	0	0	0.0159737835342215	0.0316455152235636	0.0239881727947651	0.0266571931525393	0.0171777351008548	0.00111213794364709	0	0.0996271464514475	0	0.0299283416160124	0	9999	0.144626983081639	1.02567521568049	0.705681342453282
T133	0.128206329923542	0	0.064538444582922	0	0	0.1225766085434	0	0	0	0	0	0.0392375564609409	0.0170289051911428	0.00373633709116104	0	0.0336430176370429	0.00632813685560864	0	0.066554696717994	0	0.0300058227379321	0	9999	-0.00856252837225769	1.08286014312332	0.511855855741686
T167	0.150287009523346	0	0	0.0643546813313208	0	0.115616161863529	0	0.0204317255442585	0	0	0	0.0392764292436216	0.042876225147218	0.157292791455871	0.0535432821480757	0.227200939159943	0.00251248478694101	0	0.0548030569935035	0	0.0395956860596464	0	9999	0.347223307228212	0.940084144008948	0.967790473257274
T600	0.110585657644461	0	0.044010495457698	0.0127263925322096	0	0.128522974366029	0	0	0	0.00124468162911214	0	0.0377261839714539	0	0	0.027703008586005	0.0632307030910832	0.0187821741882978	0	0.0528660127514299	0	0.0312152788706995	0	9999	-0.0263489185087584	1.08357384192707	0.528613563088479
T408	0.109962799191937	0	0.0425126335115818	0.0155417643823672	0	0.0748363117181594	0	0.0339601601031507	0	0	0	0.066483576011588	0.0577027658441979	0	0	0.0718229286539495	0.0197812250405546	0	0.0979142828833377	0	0	0	9999	0.0207321310842557	1.06833242976388	0.590518447340824
T716	0.067021414395259	0	0.031246225787138	0	0	0.10291081158978	0	0	0	0	0	0.0387408419567715	0.0319602101537	0	0	0.0518381030716872	0.0288446880632714	0	0.0743880602148236	0	0.0248597711862971	0	9999	-0.0314387123938493	1.08028752909443	0.451810126418728
T64	0.144110577085832	0	0.0556602814353579	0	0	0.0680021242224633	0	0.0182329297306529	0	0	0	0.0514091741037737	0.0167712404604143	0	0	0.0652712915541159	0.0187825889105229	0	0.0285807178504078	0	0.0136987079033557	0	9999	-0.027808980506764	1.09497457761916	0.480519633256897
T216	0.117195632764203	0	0.0457835435200479	0.0687413660209036	0	0.192378887679019	0.00174892356245856	0	0	0.012444814431132	0	0.0234961078380747	0.0210094881040968	0	0.0522951664222656	0.136983527575467	0.0215839926611564	0	0.116719683950664	0	0.0150004028606031	0	9999	0.263321538730002	0.971556699818997	0.825381537390092
T289	0.0627820546881828	0	0.0510400878036584	0.0661241318581161	0	0.133966793179194	0	0.0164238362481472	0.0107842406191382	0	0	0.0356948168421403	0.0594519252331414	0.0651543359400283	0.00514898019690609	0	0	0	0.0994435253409323	0	0.039807523974747	0	9999	0.0564202917371257	1.05409224278533	0.645822251924332
T50	0.150614931426105	0	0.0521690499988496	0.0302810611621124	0	0.119035604822301	0	0	0	0	0	0.044117649611305	0.0141510495849914	0	0.00997859206819373	0.0943067191151202	0.0307651547247447	0	0.0826115946293222	0	0.00149694267718244	0	9999	0.058028942565312	1.05266211994647	0.629528349820228
T258	0.121006754615238	0	0.0377636512400184	0.0166135866025446	0	0.126660681599603	0	0	0	0	0	0.0250475537221333	0.00902222279444194	0	0	0.0695203993574532	0.0297504103539136	0	0.0652268239225452	0	0.0280128025489916	0	9999	0.0147680010524832	1.06708225374972	0.528624886756883
T26	0.131537099739895	0	0.0482840433683004	0.0438622221400245	0	0.0931496392476676	0	0.0171920246047213	0	0	0	0.0493026145817357	0.0460979620833577	0	0.00812038656536424	0.0941663476262289	0.0389750972654361	0	0.0755561242852259	0	0.0019487135099323	0	9999	0.015186670461352	1.06449882247541	0.64819227501789
T233	0.127488842757308	0	0.0588606902322409	0.00400968152450414	0	0.129067425657515	0	0.0084322916916116	0	0	0	0.0487567552667803	0	0.00893460803495433	0.0128621048805952	0.0850217611212939	0	0	0.0795020631289521	0	0.0228455400436866	0	9999	0.0154846749276824	1.06966037859082	0.585781764339442
T300	0.115685533158785	0	0.0556836007936438	0.0120182564956887	0	0.0763395703370091	0.00655206033915951	0.0221861866198702	0	0	0	0.0330411517869674	0.0112914710955456	0	0.00799493160756496	0.046219261014915	0.00955243685275535	0	0.0703787068123516	0	0.0150738130433745	0	9999	-0.031513715929526	1.08549558005338	0.482016979957631
T120	0.0982798866360708	0	0.0847939716586061	0	0	0.0557572034303478	0	0.0186663183491576	0	0	0	0.0317802584411547	0.00644383389652925	0	0	0.0337237721548047	0.019661897975487	0	0.0414943186074845	0	0.00746876558413237	0	9999	-0.0166102014984996	1.08434777889804	0.398070226733775
T182	0.16562245769337	0	0.0580301800196141	0.0105100733350712	0	0.149683044587142	0	0.00153449376490559	0	0	0	0.0274778079566314	0.00639851904584465	0	0.0138076205072924	0.0357898308687034	0.00246834054710084	0	0.0399067024722019	0.00578783999599867	0.0229075058349472	0	9999	0.0161388836742287	1.08334559174529	0.539924416628824
T250	0.120457270103902	0	0.0505485761948051	0.0218057871579679	0	0.13139453105479	0	0.0275747444261308	0	0	0	0.0455555027568057	0.0132188906323073	0	0.0205341419046758	0.0302382381246427	0	0	0.0357953464998105	0	0	0	9999	-0.0337704801590375	1.10778904032012	0.497123028855838
